4
476276
0
0
erase 6,945,7905,482204,523776,524808,786432
new 8,0,208,209,210,225,433,8417,9024
new 2,9024,10048
new 2,10048,11072
new 2,11072,12096
new 2,12096,13120
new 2,13120,14144
new 2,14144,15168
new 2,15168,16192
new 2,16192,17216
new 2,17216,18240
new 2,18240,19264
new 2,19264,20288
new 2,20288,21312
new 2,21312,22336
new 2,22336,23360
new 2,23360,24384
new 2,24384,25408
new 2,25408,26432
new 2,26432,27456
new 2,27456,28480
new 2,28480,29504
new 2,29504,30528
new 2,30528,31552
new 2,31552,32576
new 4,32576,32770,32961,33791
new 2,33791,34815
new 2,34815,35839
new 2,35839,36863
new 2,36863,37887
new 2,37887,38911
new 2,38911,39935
new 2,39935,40959
new 2,40959,41983
new 2,41983,43007
new 2,43007,44031
new 2,44031,45055
new 2,45055,46079
new 2,46079,47103
new 2,47103,48127
new 2,48127,49151
new 2,49151,50175
new 2,50175,51199
new 2,51199,52223
new 2,52223,53247
new 2,53247,54271
new 2,54271,55295
new 2,55295,56319
new 2,56319,57343
new 2,57343,58367
new 2,58367,59391
new 2,59391,60415
new 2,60415,61439
new 2,61439,62463
new 2,62463,63487
new 2,63487,64511
new 2,64511,65535
new 2,65535,66559
new 2,66559,67583
new 2,67583,68607
new 2,68607,69631
new 2,69631,70655
new 2,70655,71679
new 2,71679,72703
new 2,72703,73727
new 2,73727,74751
new 2,74751,75775
new 2,75775,76799
new 2,76799,77823
new 2,77823,78847
new 2,78847,79871
new 2,79871,80895
new 2,80895,81919
new 2,81919,82943
new 2,82943,83967
new 2,83967,84991
new 2,84991,86015
new 2,86015,87039
new 2,87039,88063
new 2,88063,89087
new 2,89087,90111
new 2,90111,91135
new 2,91135,92159
new 2,92159,93183
new 2,93183,94207
new 2,94207,95231
new 2,95231,96255
new 2,96255,97279
new 2,97279,98303
new 4,98303,98306,98497,99518
new 2,99518,100542
new 2,100542,101566
new 2,101566,102590
new 2,102590,103614
new 2,103614,104638
new 2,104638,105662
new 2,105662,106686
new 2,106686,107710
new 2,107710,108734
new 2,108734,109758
new 2,109758,110782
new 2,110782,111806
new 2,111806,112830
new 2,112830,113854
new 2,113854,114878
new 2,114878,115902
new 2,115902,116926
new 2,116926,117950
new 2,117950,118974
new 2,118974,119998
new 2,119998,121022
new 2,121022,122046
new 2,122046,123070
new 2,123070,124094
new 2,124094,125118
new 2,125118,126142
new 2,126142,127166
new 2,127166,128190
new 2,128190,129214
new 2,129214,130238
new 2,130238,131262
new 2,131262,132286
new 2,132286,133310
new 2,133310,134334
new 2,134334,135358
new 2,135358,136382
new 2,136382,137406
new 2,137406,138430
new 2,138430,139454
new 2,139454,140478
new 2,140478,141502
new 2,141502,142526
new 2,142526,143550
new 2,143550,144574
new 2,144574,145598
new 2,145598,146622
new 2,146622,147646
new 2,147646,148670
new 2,148670,149694
new 2,149694,150718
new 2,150718,151742
new 2,151742,152766
new 2,152766,153790
new 2,153790,154814
new 2,154814,155838
new 2,155838,156862
new 2,156862,157886
new 2,157886,158910
new 2,158910,159934
new 2,159934,160958
new 2,160958,161982
new 2,161982,163006
new 4,163006,163842,164033,164221
new 2,164221,165245
new 2,165245,166269
new 2,166269,167293
new 2,167293,168317
new 2,168317,169341
new 2,169341,170365
new 2,170365,171389
new 2,171389,172413
new 2,172413,173437
new 2,173437,174461
new 2,174461,175485
new 2,175485,176509
new 2,176509,177533
new 2,177533,178557
new 2,178557,179581
new 2,179581,180605
new 2,180605,181629
new 2,181629,182653
new 2,182653,183677
new 2,183677,184701
new 2,184701,185725
new 2,185725,186749
new 2,186749,187773
new 2,187773,188797
new 2,188797,189821
new 2,189821,190845
new 2,190845,191869
new 2,191869,192893
new 2,192893,193917
new 2,193917,194941
new 2,194941,195965
new 2,195965,196989
new 2,196989,198013
new 2,198013,199037
new 2,199037,200061
new 2,200061,201085
new 2,201085,202109
new 2,202109,203133
new 2,203133,204157
new 2,204157,205181
new 2,205181,206205
new 2,206205,207229
new 2,207229,208253
new 2,208253,209277
new 2,209277,210301
new 2,210301,211325
new 2,211325,212349
new 2,212349,213373
new 2,213373,214397
new 2,214397,215421
new 2,215421,216445
new 2,216445,217469
new 2,217469,218493
new 2,218493,219517
new 2,219517,220541
new 2,220541,221565
new 2,221565,222589
new 2,222589,223613
new 2,223613,224637
new 2,224637,225661
new 2,225661,226685
new 2,226685,227709
new 2,227709,228733
new 4,228733,229378,229569,229948
new 2,229948,230972
new 2,230972,231996
new 2,231996,233020
new 2,233020,234044
new 2,234044,235068
new 2,235068,236092
new 2,236092,237116
new 2,237116,238140
new 2,238140,239164
new 2,239164,240188
new 2,240188,241212
new 2,241212,242236
new 2,242236,243260
new 2,243260,244284
new 2,244284,245308
new 2,245308,246332
new 2,246332,247356
new 2,247356,248380
new 2,248380,249404
new 2,249404,250428
new 2,250428,251452
new 2,251452,252476
new 2,252476,253500
new 2,253500,254524
new 2,254524,255548
new 2,255548,256572
new 2,256572,257596
new 2,257596,258620
new 2,258620,259644
new 2,259644,260668
new 2,260668,261692
new 2,261692,262716
new 2,262716,263740
new 2,263740,264764
new 2,264764,265788
new 2,265788,266812
new 2,266812,267836
new 2,267836,268860
new 2,268860,269884
new 2,269884,270908
new 2,270908,271932
new 2,271932,272956
new 2,272956,273980
new 2,273980,275004
new 2,275004,276028
new 2,276028,277052
new 2,277052,278076
new 2,278076,279100
new 2,279100,280124
new 2,280124,281148
new 2,281148,282172
new 2,282172,283196
new 2,283196,284220
new 2,284220,285244
new 2,285244,286268
new 2,286268,287292
new 2,287292,288316
new 2,288316,289340
new 2,289340,290364
new 2,290364,291388
new 2,291388,292412
new 2,292412,293436
new 2,293436,294460
new 4,294460,294914,295105,295675
new 2,295675,296699
new 2,296699,297723
new 2,297723,298747
new 2,298747,299771
new 2,299771,300795
new 2,300795,301819
new 2,301819,302843
new 2,302843,303867
new 2,303867,304891
new 2,304891,305915
new 2,305915,306939
new 2,306939,307963
new 2,307963,308987
new 2,308987,310011
new 2,310011,311035
new 2,311035,312059
new 2,312059,313083
new 2,313083,314107
new 2,314107,315131
new 2,315131,316155
new 2,316155,317179
new 2,317179,318203
new 2,318203,319227
new 2,319227,320251
new 2,320251,321275
new 2,321275,322299
new 2,322299,323323
new 2,323323,324347
new 2,324347,325371
new 2,325371,326395
new 2,326395,327419
new 2,327419,328443
new 2,328443,329467
new 2,329467,330491
new 2,330491,331515
new 2,331515,332539
new 2,332539,333563
new 2,333563,334587
new 2,334587,335611
new 2,335611,336635
new 2,336635,337659
new 2,337659,338683
new 2,338683,339707
new 2,339707,340731
new 2,340731,341755
new 2,341755,342779
new 2,342779,343803
new 2,343803,344827
new 2,344827,345851
new 2,345851,346875
new 2,346875,347899
new 2,347899,348923
new 2,348923,349947
new 2,349947,350971
new 2,350971,351995
new 2,351995,353019
new 2,353019,354043
new 2,354043,355067
new 2,355067,356091
new 2,356091,357115
new 2,357115,358139
new 2,358139,359163
new 2,359163,360187
new 2,360187,361211
new 2,361211,362235
new 2,362235,363259
new 2,363259,364283
new 2,364283,365307
new 2,365307,366331
new 2,366331,367355
new 2,367355,368379
new 2,368379,369403
new 2,369403,370427
new 2,370427,371451
new 2,371451,372475
new 2,372475,373499
new 2,373499,374523
new 2,374523,375547
new 2,375547,376571
new 2,376571,377595
new 2,377595,378619
new 2,378619,379643
new 2,379643,380667
new 2,380667,381691
new 2,381691,382715
new 2,382715,383739
new 2,383739,384763
new 2,384763,385787
new 2,385787,386811
new 2,386811,387835
new 2,387835,388859
new 2,388859,389883
new 2,389883,390907
new 2,390907,391931
new 2,391931,392955
new 2,392955,393979
new 2,393979,395003
new 2,395003,396027
new 2,396027,397051
new 2,397051,398075
new 2,398075,399099
new 2,399099,400123
new 2,400123,401147
new 2,401147,402171
new 2,402171,403195
new 2,403195,404219
new 2,404219,405243
new 2,405243,406267
new 2,406267,407291
new 2,407291,408315
new 2,408315,409339
new 2,409339,410363
new 2,410363,411387
new 2,411387,412411
new 2,412411,413435
new 2,413435,414459
new 2,414459,415483
new 2,415483,416507
new 2,416507,417531
new 2,417531,418555
new 2,418555,419579
new 2,419579,420603
new 2,420603,421627
new 2,421627,422651
new 2,422651,423675
new 2,423675,424699
new 2,424699,425723
new 2,425723,426747
new 2,426747,427771
new 2,427771,428795
new 2,428795,429819
new 2,429819,430843
new 2,430843,431867
new 2,431867,432891
new 2,432891,433915
new 2,433915,434939
new 2,434939,435963
new 2,435963,436987
new 2,436987,438011
new 2,438011,439035
new 2,439035,440059
new 2,440059,441083
new 2,441083,442107
new 2,442107,443131
new 2,443131,444155
new 2,444155,445179
new 2,445179,446203
new 2,446203,447227
new 2,447227,448251
new 2,448251,449275
new 2,449275,450299
new 2,450299,451323
new 2,451323,452347
new 2,452347,453371
new 2,453371,454395
new 2,454395,455419
new 2,455419,456443
new 2,456443,457467
new 2,457467,458491
new 2,458491,459515
new 2,459515,460539
new 2,460539,461563
new 2,461563,462587
new 2,462587,463611
new 2,463611,464635
new 2,464635,465659
new 2,465659,466683
new 2,466683,467707
new 2,467707,468731
new 2,468731,469755
new 2,469755,470779
new 2,470779,471803
new 2,471803,472827
new 2,472827,473851
new 2,473851,474875
new 2,474875,475899
new 2,475899,476923
new 2,476923,477947
new 2,477947,478971
new 2,478971,479995
new 2,479995,481019
new 6,481019,481692,524288,524289,524295,524296
zero 8,208,209,210,225,433,945,7905,8401
zero 14,8401,8417,32770,32961,98306,98497,163842,164033,229378,229569,294914,295105,481692,481745
zero 8,481745,482204,523776,524288,524289,524295,524296,524343
zero 2,524343,524808
